[(0, 3), (0, 4), (0, 8), (1, 4), (2, 5), (2, 7), (2, 9), (3, 4), (3, 9), (5, 6)]
[(0, 2), (0, 5), (0, 6), (2, 7), (3, 4), (4, 7), (7, 9)]
[(0, 3), (1, 2), (1, 3), (1, 5), (1, 7), (2, 3), (2, 5), (3, 5), (3, 6), (3, 7)]
[(0, 2), (0, 9), (1, 8), (3, 7), (4, 6), (4, 7), (4, 8)]
[(1, 2), (4, 6), (5, 8), (6, 9), (7, 8), (8, 9)]
[(0, 2), (0, 7), (1, 9), (2, 4), (2, 9), (3, 7), (3, 9), (4, 5), (4, 8), (5, 6)]
[(0, 3), (0, 7), (1, 6), (2, 3), (3, 4), (3, 5), (3, 9), (7, 8), (7, 9)]
[(0, 8), (0, 9), (1, 3), (1, 7), (1, 8), (2, 6), (2, 7), (2, 8), (3, 5), (3, 6)]
[(0, 7), (0, 9), (1, 2), (1, 5), (2, 3), (2, 8), (4, 5), (4, 7), (5, 6)]
[(0, 4), (0, 5), (1, 2), (1, 5), (3, 5), (3, 6), (3, 7), (4, 7), (4, 8), (4, 9)]
